# Created by Octave 4.2.2, Sun Aug 05 09:33:45 2018 -03 <hseldon@hseldon-G551JW>
# name: altimeterData
# type: matrix
# rows: 1490
# columns: 2
 0 60.887615
 1.440000000000055 60.889214
 2.879999999999995 60.885017
 4.32000000000005 60.886253
 5.759999999999991 60.891239
 7.200000000000045 60.888783
 8.639999999999986 60.887314
 10.08000000000004 60.886642
 11.51999999999998 60.888367
 12.96000000000004 60.886284
 14.39999999999998 60.889595
 15.84000000000003 60.887936
 17.27999999999997 60.88958
 18.72000000000003 60.887169
 20.16000000000008 60.88905
 21.60000000000002 60.888512
 23.04000000000008 60.652458
 24.48000000000002 60.726135
 25.92000000000007 60.752281
 27.36000000000001 60.773769
 28.80000000000007 60.822025
 30.24000000000001 60.817436
 31.68000000000006 60.757942
 33.12 60.701439
 34.56000000000006 60.886707
 36 60.850471
 37.44000000000005 60.888885
 38.87800000000004 60.890938
 40.32000000000005 60.889065
 41.76200000000006 60.887287
 43.20000000000005 60.889484
 44.63999999999999 60.888157
 46.07799999999997 60.888981
 47.51999999999998 60.889496
 48.96000000000004 60.887608
 50.39999999999998 60.889469
 51.84000000000003 60.887234
 53.27999999999997 60.887234
 54.72000000000003 60.887154
 56.16000000000008 60.88842
 57.60000000000002 60.886959
 59.04000000000008 60.887589
 60.48000000000002 60.886993
 61.92000000000007 60.887718
 63.36000000000001 60.888168
 64.80000000000007 60.887863
 66.24000000000001 60.88773
 67.68000000000006 60.888374
 69.12 60.887665
 70.56000000000006 60.888077
 72 60.88916
 73.44000000000005 60.886406
 74.88 60.88559
 76.32000000000005 60.890411
 77.75999999999999 60.886932
 79.20000000000005 60.886742
 80.63999999999999 60.88678
 82.08000000000004 60.888206
 83.51999999999998 60.888435
 84.96000000000004 60.887779
 86.39999999999998 60.886959
 87.84000000000003 60.888985
 89.27999999999997 60.888176
 90.72000000000003 60.887703
 92.16000000000008 60.888702
 93.60000000000002 60.889145
 95.04000000000008 60.887672
 96.48000000000002 60.887764
 97.92000000000007 60.887764
 99.36000000000001 60.889137
 100.8000000000001 60.888527
 102.24 60.89048
 103.6800000000001 60.889648
 105.12 60.887169
 106.5600000000001 60.889908
 108 60.890266
 109.4400000000001 60.804707
 110.88 60.743484
 112.3200000000001 60.610825
 113.76 60.55722
 115.2 60.467434
 116.64 59.850155
 118.08 59.177807
 119.52 57.57827
 120.96 57.57827
 122.4 56.209885
 123.84 55.5215
 125.28 55.759945
 126.72 56.113148
 128.1600000000001 56.925362
 129.6 59.344223
 131.0400000000001 59.796669
 132.48 59.159187
 133.9200000000001 58.68816
 135.36 58.288254
 136.8000000000001 57.499096
 138.24 57.357773
 139.6800000000001 57.133106
 141.12 57.088421
 142.5600000000001 57.070675
 144 57.081203
 145.4400000000001 57.053978
 146.88 57.000786
 148.3200000000001 57.046471
 149.76 57.15313
 151.198 57.174271
 152.64 56.931774
 154.08 56.715652
 155.52 56.654205
 156.96 56.851128
 158.4 56.593605
 159.84 56.756767
 161.28 56.956085
 162.72 57.381966
 164.1600000000001 57.711311
 165.6 57.969517
 167.0400000000001 58.089661
 168.48 57.867859
 169.9200000000001 57.489838
 171.36 56.886948
 172.8000000000001 57.641029
 174.24 57.927223
 175.6800000000001 58.918507
 177.12 59.21212
 178.558 59.611191
 180 60.432144
 181.4400000000001 60.889854
 182.88 60.889854
 184.3200000000001 59.13129
 185.76 59.074402
 187.2 59.069496
 188.64 58.822197
 190.08 58.43644
 191.52 57.701584
 192.96 57.573887
 194.4 57.579742
 195.84 57.587845
 197.28 57.400162
 198.72 56.923714
 200.1600000000001 56.775284
 201.6 56.483086
 203.0400000000001 56.483086
 204.48 55.99617
 205.9200000000001 55.875267
 207.36 55.886551
 208.8000000000001 55.504295
 210.24 55.316555
 211.6800000000001 54.827026
 213.12 54.745255
 214.566 54.475643
 216 54.475643
 217.4400000000001 54.221489
 218.88 54.221489
 220.3200000000001 53.838608
 221.76 53.900883
 223.2 54.004333
 224.64 54.250999
 226.078 54.25943
 227.52 54.699257
 228.96 55.382915
 230.4 55.382915
 231.84 56.448845
 233.28 56.748047
 234.72 57.211002
 236.1600000000001 57.525352
 237.6 58.020615
 239.0400000000001 58.110634
 240.48 58.575741
 241.9200000000001 58.870842
 243.36 59.073189
 244.8000000000001 59.800808
 246.24 59.973915
 247.678 60.254608
 249.12 60.30587
 250.5600000000001 60.332989
 252 60.373055
 253.4400000000001 60.491085
 254.88 60.491085
 256.3200000000001 60.430073
 257.76 60.405533
 259.2 60.39106
 260.64 60.24054
 262.08 60.1642
 263.52 60.056023
 264.96 60.139065
 266.4 60.163544
 267.84 60.143349
 269.28 60.324371
 270.72 60.448902
 272.158 60.518356
 273.6 60.639023
 275.0400000000001 60.67437
 276.48 60.877136
 277.9200000000001 60.88829
 279.36 60.886353
 280.8000000000001 60.88839
 282.24 60.886799
 283.6800000000001 60.887886
 285.1200000000001 60.886715
 286.5599999999999 60.888924
 288 60.887589
 289.4400000000001 60.887207
 290.8800000000001 60.890091
 292.3199999999999 60.88633
 293.76 60.888248
 295.2 60.885857
 296.6400000000001 60.889297
 298.0799999999999 60.890022
 299.52 60.889038
 300.96 60.888077
 302.4000000000001 60.890968
 303.8399999999999 60.888657
 305.28 60.887531
 306.72 60.889053
 308.1600000000001 60.462532
 309.6000000000001 60.499603
 311.04 60.499603
 312.48 60.102776
 313.9200000000001 59.694874
 315.3600000000001 59.190102
 316.8 58.351257
 318.2360000000001 57.953407
 319.6800000000001 57.155258
 321.1200000000001 57.069504
 322.5599999999999 56.964703
 324 56.912224
 325.4400000000001 56.824226
 326.8800000000001 56.610142
 328.3199999999999 56.500511
 329.76 56.400131
 331.2 56.441864
 332.6400000000001 56.509659
 334.0799999999999 56.404915
 335.52 56.194519
 336.962 55.754421
 338.4000000000001 55.7733
 339.8399999999999 55.79501
 341.28 55.913467
 342.72 56.095894
 344.1600000000001 56.251858
 345.6000000000001 56.375275
 347.04 56.562729
 348.48 56.707115
 349.9200000000001 56.853271
 351.3600000000001 57.100403
 352.8 57.481728
 354.24 57.730541
 355.6800000000001 58.077148
 357.1200000000001 58.077148
 358.5599999999999 58.326141
 360 58.228218
 361.4400000000001 58.211845
 362.8800000000001 58.073967
 364.3199999999999 58.073967
 365.76 57.832306
 367.2 57.895126
 368.6400000000001 57.814041
 370.0799999999999 57.666985
 371.52 57.858826
 372.9580000000001 57.846634
 374.4000000000001 57.889603
 375.8399999999999 57.380043
 377.28 57.017639
 378.72 56.889328
 380.1600000000001 56.850792
 381.6000000000001 56.872803
 383.038 56.878433
 384.48 56.937439
 385.9180000000001 57.172485
 387.356 57.397469
 388.8 57.665188
 390.24 57.867126
 391.6800000000001 58.070183
 393.1179999999999 58.222954
 394.5599999999999 58.371964
 396 58.39077
 397.4400000000001 58.434082
 398.8800000000001 59.184319
 400.3199999999999 60.193497
 401.76 60.867477
 403.2 60.852573
 404.6400000000001 60.885616
 406.0799999999999 60.412384
 407.52 55.072937
 408.96 54.07238
 410.4000000000001 53.664963
 411.8399999999999 53.564384
 413.28 53.564384
 414.72 55.061825
 416.1580000000001 55.2257
 417.6000000000001 55.139919
 419.04 55.078564
 420.48 55.08493
 421.9200000000001 54.940487
 423.3600000000001 54.879593
 424.8 54.852032
 426.24 54.933094
 427.6800000000001 54.925385
 429.1200000000001 55.010914
 430.5599999999999 55.253807
 432 55.444275
 433.4400000000001 55.726791
 434.8800000000001 56.285149
 436.3199999999999 56.544983
 437.76 57.046463
 439.2 57.186462
 440.6400000000001 57.444641
 442.0799999999999 57.525574
 443.52 58.065651
 444.96 58.057335
 446.4000000000001 57.832947
 447.8399999999999 57.594017
 449.28 57.594017
 450.72 56.872162
 452.1600000000001 56.910301
 453.6000000000001 56.794926
 455.04 56.855125
 456.48 56.631271
 457.9200000000001 56.31498
 459.3600000000001 56.120098
 460.8 55.736458
 462.24 55.705551
 463.6800000000001 55.679585
 465.1200000000001 55.635311
 466.5599999999999 55.667877
 468 55.87038
 469.4400000000001 56.073532
 470.8779999999999 56.201836
 472.3199999999999 56.1889
 473.76 56.237576
 475.2 56.261387
 476.6400000000001 56.666992
