# Created by Octave 4.2.2, Sun Aug 05 09:33:45 2018 -03 <hseldon@hseldon-G551JW>
# name: dgpsData
# type: matrix
# rows: 13
# columns: 4
 2140.028 3.398999999975786 0.769000000320375 -0.734
 2140.368 3.288000000000466 0.5620000008493662 -0.604
 2140.71 3.176999999996042 0.3550000004470348 -0.503
 2141.05 3.065999999991618 0.1490000002086163 -0.426
 2141.39 2.955999999976484 -0.05499999970197678 -0.362
 2141.73 2.846999999979744 -0.2559999991208315 -0.303
 2142.07 2.766999999992549 -0.4059999994933605 -0.273
 2142.41 2.762999999977183 -0.4139999998733401 -0.284
 2142.75 2.790999999997439 -0.3629999998956919 -0.318
 2143.092 2.817999999999302 -0.3109999997541308 -0.358
 2143.432 2.836999999999534 -0.2749999994412065 -0.394
 2143.768 2.847999999998137 -0.2529999995604157 -0.418
 2144.112 2.853000000002794 -0.2429999997839332 -0.425


