# Created by Octave 4.2.2, Sun Aug 05 09:33:45 2018 -03 <hseldon@hseldon-G551JW>
# name: usblData
# type: matrix
# rows: 158
# columns: 4
 0 0.5851806509175826 -0.6611756582330557 -3.106455873141435
 13.60800000000006 -8.483567596665873 4.967002233006586 -2.858998608316303
 27.23000000000002 -21.01830885884703 0.06513109135237638 -5.758756309907201
 40.84799999999996 -30.77769957425483 2.427921746907655 -7.354184893742501
 54.44799999999998 -42.92520313790022 3.042149645503992 -7.699528869626976
 68.06200000000001 -54.03752713114748 4.255262191774547 -10.70979153025042
 81.66800000000001 -63.40294886975926 5.996711908885963 -12.68094965800345
 95.27200000000005 -75.35208389775882 6.243545712447331 -14.10777472054114
 108.8820000000001 -85.20338711771684 7.653586552053175 -16.59698449678957
 122.4880000000001 -95.85593520005371 8.669943855925952 -18.48712020248351
 136.098 -104.3135337744976 14.40599575671944 -20.32673019172045
 149.71 -104.7939865500822 25.27508621927586 -20.45337215380894
 163.314 -104.8943511364265 36.13604973151991 -20.82305246822483
 176.922 -99.94548270725794 45.1150051128532 -20.9034522580943
 190.54 -89.0812010150384 44.69328487920107 -20.8148254242053
 204.15 -78.57474658031272 43.44543216092263 -20.88089757734289
 217.756 -68.08885299126467 42.23149011639483 -20.8628713636318
 231.37 -57.3521585345608 40.49639728721585 -20.62493007954781
 245 -46.1295558480106 39.30240736792703 -20.79198686655908
 258.62 -35.18893391963636 38.15711810516819 -21.3417258469057
 272.222 -24.04654561430217 36.67093730459015 -21.12782391446911
 285.8299999999999 -13.66931362260846 35.21122132025023 -21.05796069647962
 299.4380000000001 -2.430437521998673 34.05605876405546 -20.95846917422488
 313.048 8.038266141907972 32.78601729645472 -21.17183836803119
 326.6759999999999 18.80409609603458 31.11171252638254 -20.88408348440586
 340.3 30.25509392683599 29.55071837485929 -21.21781774510136
 353.9280000000001 40.33905167659283 28.52054923999802 -20.90482961940144
 367.5440000000001 51.60540801638062 27.31239693757603 -21.195247382159
 381.1659999999999 62.36684163072231 25.90521820199683 -21.36859076318538
 394.778 72.78607409961035 24.55808053020605 -20.8315621451734
 408.414 81.54107954468788 19.0550739750717 -20.9471987817398
 422.0340000000001 81.20441299486531 7.883042297567465 -21.16137063250135
 435.6659999999999 79.76654206680885 -2.20018258228354 -20.82885201127729
 449.2819999999999 78.49444684043168 -13.27481595199706 -21.23312118497666
 462.8900000000001 76.96823897016905 -24.35155263203913 -20.87650182508407
 476.4960000000001 76.1464879225949 -34.93213410797032 -20.93118969050298
 490.1120000000001 74.07597495217003 -46.08540266597924 -21.14379677937247
 503.75 70.66128623132816 -56.1698620117572 -20.91227318033292
 517.3679999999999 59.94591019223537 -57.19765815292904 -20.98165873392388
 530.99 49.23112583763083 -56.40418005722871 -20.54825850944502
 544.6020000000001 38.06760091709506 -56.24739019067685 -20.69801538363438
 558.2139999999999 26.90867977592247 -54.79815348701032 -20.82536481472732
 571.8240000000001 15.9534362715935 -54.8226979375989 -20.73758701610934
 585.4259999999999 5.529827272502203 -54.26309691228984 -20.72830230632009
 599.0340000000001 -5.744758757630332 -53.3732311330414 -20.51431382540557
 612.6420000000001 -16.42403849853951 -52.72067292232387 -20.41700265862432
 626.252 -27.03078636195735 -52.2432528117386 -20.45328416867152
 639.864 -38.02449736391145 -51.50628520455428 -20.19033083699544
 653.4780000000001 -49.08675115578765 -51.05230201711344 -20.26099071768351
 667.0940000000001 -59.87087195499044 -50.28126080122282 -20.16100738282921
 680.704 -70.63305162358007 -49.871100410483 -20.45485656005203
 694.3299999999999 -81.78275422133282 -49.11469486758524 -20.02895442356008
 707.9359999999999 -92.71579335050576 -48.60634423334539 -20.16808251455161
 721.558 -103.5557591013549 -47.59229374551522 -20.35409403459407
 735.174 -111.2339028666284 -42.91126594255143 -24.93151823839955
 748.788 -119.2617211781422 -36.09775879361425 -33.17933261919778
 762.4079999999999 -125.8835604696249 -30.84220460433648 -38.33942967132313
 776.0139999999999 -130.0714160661945 -24.29082866474624 -42.76218902368971
 789.6200000000001 -131.7919504419847 -8.175950236074895 -49.52289102117499
 803.2280000000001 -144.9844469143623 -15.84682217908171 -59.02033593975899
 816.848 -149.3984170899106 1.285516578439567 -56.64180278999905
 830.452 -149.3289565731706 11.13021009402567 -58.26608844193438
 844.0799999999999 -152.2759032143516 10.4680760935921 -73.34559547838602
 857.692 -153.6403953436636 27.30710016845254 -68.72370158601275
 871.3019999999999 -146.3379904492488 40.08997192275078 -64.17549213671037
 884.914 -150.516628205258 50.63278769865344 -67.92157399544665
 898.518 -145.2149054738348 59.09510924814987 -65.60583771232081
 912.124 -143.9031875017369 65.19249403044026 -52.62179645319516
 925.732 -138.8701857489339 79.73546515361674 -64.37141905714655
 939.3340000000001 -131.0658947717918 79.99450169087503 -49.67173905908481
 952.97 -124.1712604516997 84.91487053794572 -57.70282069780082
 966.586 -113.4936795764139 83.60643569969878 -58.28115719966682
 980.1959999999999 -106.5697718973188 81.74629289800407 -61.99144144582175
 993.8140000000001 -78.64363943959901 75.83502923644097 -58.7307398245941
 1007.428 -84.74481113936568 68.57059270057215 -65.17794395146753
 1021.036 -73.58133294430438 68.33617898754019 -63.47312971629225
 1034.658 -55.13122212774503 61.40180039300734 -60.96297700232809
 1048.268 -48.94475514050684 66.70154799251875 -72.35422724043785
 1061.878 -34.56174521402251 69.14114239924021 -61.72333473444967
 1075.49 -17.23903025525223 71.74555656345211 -56.05958307664271
 1089.108 -11.10284403767047 68.83490587165275 -60.16648534754658
 1102.72 1.896838843035705 69.05596068416413 -70.45765277201649
 1116.342 11.54035981971556 69.96603667476727 -71.79418772968089
 1129.952 27.1158460489174 64.11604944478944 -70.11604908522509
 1143.552 34.37869779730682 55.40494971072761 -62.34635631415595
 1157.164 42.13310787831027 62.76035823061289 -63.26575143958925
 1170.784 45.96650067933918 61.86659220639661 -63.46872763324155
 1184.394 62.44536663671602 62.38394944452626 -65.0880721910686
 1198.004 87.27399922648699 70.13985832934317 -69.18830823201726
 1211.606 79.84991935838339 51.6961548745925 -75.73228064272317
 1225.218 100.8973000381796 64.17478150981233 -67.61941340156166
 1238.836 102.157121607405 52.50804458078549 -69.61229243522926
 1252.45 119.4640136770057 45.15138160366045 -72.67943538104717
 1266.07 128.1945276767432 26.73958287711037 -62.15440995630143
 1279.676 127.7663069178009 32.46774957346035 -74.43159786206213
 1293.276 123.8083786195272 14.53124295571123 -59.86475848448343
 1306.89 145.6030135220485 21.31844037330153 -70.78848040628364
 1320.516 148.5648501120004 9.984390548075771 -66.70944058461441
 1334.132 150.3255900323469 -2.447579739204161 -60.33502703854072
 1347.75 159.6453434306345 -11.83545987998092 -68.42816138908753
 1361.37 164.6231096042863 -29.74639313345214 -67.65316870907181
 1374.982 164.8674902056977 -30.41716345826081 -63.59965005434612
 1388.598 178.8493473145298 -32.67894349994376 -73.08935275670466
 1402.206 170.2949054067452 -45.9115266185741 -66.66833970437879
 1415.832 159.9950747603978 -49.13538506276149 -75.86783454944394
 1429.45 145.2119745497391 -53.81886710506875 -75.49533953861287
 1443.056 146.4631435735682 -79.50168421430365 -61.18787671972598
 1456.668 127.1238685607867 -72.67252303984941 -58.79944343691489
 1470.28 115.1602777925348 -67.25101475178695 -60.38933976115166
 1483.902 114.0283207550852 -83.70749961110344 -66.31052028827877
 1497.506 109.3282235664758 -83.0589605210731 -65.17099537601398
 1511.114 93.50407863079451 -91.12548595553463 -68.67334781201076
 1524.724 84.42187681723428 -90.09965856660459 -70.88250336291696
 1538.332 72.0545354799372 -103.6550389662899 -74.93159574975365
 1551.94 59.84005993267344 -102.8954149562119 -68.7453088606384
