# Created by Octave 4.2.2, Sat Sep 01 05:31:18 2018 -03 <hseldon@hseldon-G551JW>
# name: allUsbl
# type: global matrix
# rows: 1449
# columns: 3
 2.480999946594238 0.2779999999911524 -0.2149999998509884
 4.088000059127808 0.1069999999599531 0.1090000001713634
 10.67000007629395 -0.07400000002235174 1.645000000484288
 12.24600005149841 0.08600000001024455 1.593000000342727
 13.82599997520447 -0.1859999999869615 1.561999999918044
 19.68799996376038 0.2079999999841675 1.344000000506639
 21.24799990653992 -0.03800000000046566 1.152999999932945
 22.83800005912781 -0.1849999999976717 0.8090000003576279
 24.41499996185303 0.1119999999646097 0.6720000002533197
 25.98900008201599 0.5939999999827705 0.4350000005215406
 27.5789999961853 0.1570000000065193 0.1620000004768372
 29.13899993896484 0.6059999999706633 -0.230999999679625
 30.70000004768372 0.6510000000125729 -0.3379999995231628
 32.25999999046326 -0.1240000000107102 -0.4179999995976686
 45.13499999046326 0.7739999999757856 -0.1319999992847443
 46.72399997711182 0.978000000002794 -0.0719999996945262
 48.29699993133545 0.4290000000037253 -0.06199999991804361
 49.85800004005432 0.6890000000130385 -0.04499999992549419
 51.44700002670288 0.7619999999878928 -0.05999999959021807
 53.03999996185303 0.8949999999604188 -0.07799999974668026
 54.63100004196167 0.48599999997532 -0.05899999942630529
 56.20700001716614 0.48599999997532 -0.05899999942630529
 57.75 0.7930000000051223 -0.1169999996200204
 59.33100008964539 0.1630000000004657 -0.05499999970197678
 60.88700008392334 0.4029999999911524 -0.05599999986588955
 62.45099997520447 0.7429999999585561 -0.1239999998360872
 64.01200008392334 0.8189999999594875 -0.105999999679625
 65.58599996566772 0.3589999999967404 -0.08799999952316284
 67.14499998092651 -0.05999999999767169 -0.04600000008940697
 68.7039999961853 0.4749999999767169 -0.08699999935925007
 70.31399989128113 0.7569999999832362 -0.06300000008195639
 71.88899993896484 0.1790000000037253 -0.09399999957531691
 73.48200011253357 0.3489999999874271 -0.05499999970197678
 75.03699994087219 0.7870000000111759 -0.1549999993294477
 76.63000011444092 0.8889999999664724 -0.151999999769032
 78.19099998474121 0.507999999972526 -0.1509999996051192
 79.75099992752075 0.3839999999618158 -0.1279999995604157
 81.33800005912781 0.5889999999781139 -0.2409999994561076
 82.8970000743866 0.1840000000083819 -0.1929999999701977
 84.46000003814697 0.1009999999660067 -0.1289999997243285
 86.01999998092651 0.3329999999841675 -0.1589999999850988
 87.60899996757507 0.4479999999748543 -0.2339999992400408
 89.17199993133545 -0.1820000000298023 -0.01699999999254942
 90.76099991798401 0.1570000000065193 -0.1759999999776483
 92.33899998664856 0.121999999973923 -0.02599999960511923
 93.89800000190735 0.3030000000144355 -0.1200000001117587
 95.45799994468689 -0.4880000000121072 -0.2229999992996454
 97.06200003623962 -1.460000000020955 -0.8429999994114041
 102.6519999504089 -1.753000000026077 -0.9399999994784594
 104.2260000705719 -0.8150000000023283 -1.843999999575317
 105.8039999008179 -1.885000000009313 -1.661999999545515
 107.3789999485016 -1.646000000007916 -2.898999999277294
 108.9719998836517 -1.899000000033993 -3.049999999813735
 110.5469999313354 -1.23499999998603 -2.78899999987334
 112.1080000400543 -2.084000000031665 -2.371999999508262
 113.6989998817444 -2.226000000024214 -2.605999999679625
 115.3120000362396 -2.228999999992084 -2.526999999769032
 116.8810000419617 -2.378000000026077 -2.354999999515712
 118.4760000705719 -3.13800000003539 -2.324999999254942
 120.0490000247955 -4.567000000039116 -2.487999999895692
 121.6400001049042 -3.77900000003865 -2.463999999687076
 123.2369999885559 -3.51300000003539 -2.695999999530613
 124.8210000991821 -4.356000000028871 -2.756999999284744
 126.3989999294281 -4.803000000014435 -3.108000000007451
 127.9920001029968 -7.022999999986496 0.3629999998956919
 129.569000005722 -4.630999999993946 -3.25899999961257
 131.1300001144409 -6.242000000027474 -0.421000000089407
 132.7039999961853 -5.992000000027474 -3.830999999307096
 134.2929999828339 -5.471000000019558 -2.851999999955297
 135.8729999065399 -5.777999999991152 -2.436999999918044
 137.4500000476837 -6.179000000003725 -1.341999999247491
 139.0209999084473 -6.097999999998137 -0.8839999996125698
 140.614000082016 -6.584000000031665 -1.466999999247491
 142.2060000896454 -6.141999999992549 -4.651999999769032
 143.7829999923706 -8.287000000011176 0.02700000070035458
 145.3900001049042 -8.151000000012573 0.5300000002607703
 151.2780001163483 -10.81099999998696 0.6400000005960464
 152.8819999694824 -11.60999999998603 1.090000000782311
 154.4909999370575 -12.01000000000931 0.8160000005736947
 156.0650000572205 -12.86700000002747 0.6990000000223517
 157.6589999198914 -13.13900000002468 0.9420000007376075
 159.2469999790192 -13.02199999999721 0.4350000005215406
 160.8410000801086 -12.48300000000745 0.6419999999925494
 162.4319999217987 -12.59799999999814 0.848000000230968
 164.0260000228882 -13.14199999999255 0.9500000001862645
 165.5989999771118 -13.16300000000047 1.033999999985099
 167.2090001106262 -13.49200000002747 0.9300000006332994
 168.8139998912811 -13.24800000002142 0.01600000075995922
 170.4260001182556 -13.14300000004005 -1.262999999336898
 172.0120000839233 -13.60999999998603 -0.4129999997094274
 173.5880000591278 -13.77400000003399 0.2099999999627471
 175.1630001068115 -13.20300000003772 0.5490000005811453
 176.7539999485016 -13.21199999999953 0.9860000004991889
 178.3519999980927 -14.47299999999814 2.46100000012666
 179.9409999847412 -14.39300000004005 3.925000000745058
 181.5150001049042 -14.58799999998882 4.617000000551343
 183.1229999065399 -15.13400000002002 5.150000000372529
 189.4279999732971 -17.61200000002282 4.098000000230968
 191.0339999198914 -17.11499999999069 4.844000000506639
 192.6429998874664 -17.56300000002375 4.980000000447035
 194.2490000724792 -17.16700000001583 6.748000000603497
 195.8589999675751 -17.48499999998603 8.190000000409782
 197.4660000801086 -18.89100000000326 8.289000000804663
 199.0650000572205 -19.85800000000745 8.464000000618398
 200.6679999828339 -20.58199999999488 8.111000000499189
 202.2730000019073 -20.97899999999208 7.507000000216067
 203.8840000629425 -21.98300000000745 7.936999999918044
 205.5060000419617 -21.80900000000838 7.681000000797212
 207.0940001010895 -22.55999999999767 8.247000000439584
 208.7239999771118 -22.2949999999837 7.81900000013411
 210.3250000476837 -22.48800000001211 8.145000000484288
 211.9289999008179 -22.44200000003912 7.995000000111759
 213.5569999217987 -23.01400000002468 8.179000000469387
 215.1640000343323 -23.46299999998882 8.640000000596046
 216.7699999809265 -23.7850000000326 8.828999999910593
 218.3919999599457 -23.4660000000149 9.161000000312924
 220.0139999389648 -23.6710000000312 9.668000000528991
 221.6240000724792 -24.28299999999581 8.915000000037253
 223.2130000591278 -25.35600000002887 9.239000000059605
 224.8210000991821 -25.04899999999907 9.779000000096858
 226.4319999217987 -25.07099999999627 9.598000000230968
 228.0650000572205 -25.36100000003353 9.179000000469387
 229.6589999198914 -25.45799999998417 8.896999999880791
 231.2980000972748 -26.36600000003818 9.324000000022352
 232.9079999923706 -26.96400000003632 8.641000000759959
 234.5099999904633 -26.90400000003865 8.084000000730157
 236.1019999980927 -26.95900000003166 9.084000000730157
 237.7420001029968 -27.28700000001118 8.475000000558794
 239.3499999046326 -27.34600000001956 9.239000000059605
 255.4119999408722 -33.94300000002841 12.94000000040978
 257.0799999237061 -34.18599999998696 12.85000000055879
 258.7019999027252 -35.46900000004098 13.12100000027567
 260.3510000705719 -36.33900000003632 12.47099999990314
 261.9949998855591 -36.5339999999851 12.78100000042468
 263.6380000114441 -37.94599999999627 13.08400000073016
 265.2620000839233 -37.92999999999302 13.04100000020117
 266.8849999904633 -39.08600000001024 13.1140000000596
 268.5209999084473 -39.31700000003912 12.57000000029802
